
./instances/brd14051_101.tsp 	 City_Num: 101 	 Best_known: 9667 	 Best_Found: 9667 	 Avg_Found: 9679.5 	 Gap: 0
1 100 101 46 7 13 36 76 26 63 25 10 83 6 12 42 15 28 74 52 53 35 88 61 39 21 18 68 82 65 44 81 99 49 89 58 47 45 23 11 38 31 43 56 40 29 69 93 72 17 41 48 55 67 37 20 71 64 86 98 95 90 75 54 33 73 66 87 91 96 77 32 22 92 97 60 79 94 57 84 85 16 30 50 80 19 9 27 59 78 62 4 5 14 8 24 70 51 3 2 34 

./instances/d15112_101.tsp 	 City_Num: 101 	 Best_known: 249913 	 Best_Found: 249913 	 Avg_Found: 249947.0 	 Gap: 0
1 39 40 16 82 17 43 58 27 4 76 33 70 53 22 49 66 89 50 84 74 100 21 26 42 85 2 64 79 15 73 7 30 75 31 91 61 5 95 77 28 69 52 60 72 86 93 67 90 88 47 6 78 65 23 57 68 45 87 94 29 92 34 44 46 11 59 14 8 97 56 35 3 38 19 10 62 13 32 55 101 20 36 9 80 24 81 96 63 48 18 83 71 51 54 37 12 41 99 25 98 

./instances/d18512_101.tsp 	 City_Num: 101 	 Best_known: 9540 	 Best_Found: 9540 	 Avg_Found: 9540.0 	 Gap: 0
1 74 14 5 9 27 87 73 55 18 11 21 75 95 72 49 20 37 56 33 88 59 96 50 80 42 6 22 53 19 35 4 2 3 30 16 26 7 13 36 46 84 85 76 57 101 100 94 97 60 92 25 34 51 83 63 79 10 12 24 70 77 52 62 91 82 40 23 98 86 90 61 68 43 38 39 17 99 64 71 81 67 93 89 69 58 47 29 45 41 54 48 31 44 65 66 78 28 32 8 15 

./instances/fnl4461_101.tsp 	 City_Num: 101 	 Best_known: 7721 	 Best_Found: 7721 	 Avg_Found: 7763.9 	 Gap: 0
1 4 5 16 12 34 63 84 73 77 80 47 99 79 68 38 37 23 10 35 53 41 93 89 42 9 20 70 87 91 82 56 64 86 45 11 2 17 43 51 52 49 55 92 97 66 6 8 15 46 76 60 21 24 36 59 57 71 62 40 39 29 26 22 18 32 78 65 101 100 74 90 27 30 28 3 19 31 48 54 67 33 44 69 96 81 94 14 13 7 25 50 98 85 58 88 72 61 95 83 75 

./instances/nrw1379_101.tsp 	 City_Num: 101 	 Best_known: 8578 	 Best_Found: 8578 	 Avg_Found: 8578.0 	 Gap: 0
1 14 18 24 79 98 89 101 87 95 65 91 44 46 100 80 40 26 21 35 37 78 83 73 49 59 93 75 43 4 74 88 97 42 39 6 10 23 52 66 85 69 3 25 30 68 60 58 20 34 41 48 62 27 12 7 15 29 47 72 94 71 57 56 99 76 82 90 92 53 81 38 45 61 33 84 86 63 54 51 50 77 96 9 16 11 2 67 70 55 36 19 31 28 64 8 22 32 13 5 17 

./instances/pr1002_101.tsp 	 City_Num: 101 	 Best_known: 58121 	 Best_Found: 58121 	 Avg_Found: 58252.7 	 Gap: 0
1 74 76 75 85 47 46 43 39 51 67 62 33 35 32 23 63 64 66 70 69 68 56 52 53 40 60 34 22 24 30 31 25 21 17 14 9 7 8 16 18 19 20 28 27 26 38 42 44 61 59 65 58 57 55 54 83 91 101 97 92 89 88 78 79 50 41 49 48 45 37 36 29 15 13 10 11 12 72 73 71 2 3 6 4 5 80 81 84 99 98 100 95 77 87 90 93 94 96 86 82 
