
./instances/brd14051_251.tsp 	 City_Num: 251 	 Best_known: 19337 	 Best_Found: 19341 	 Avg_Found: 19412.4 	 Gap: 4
1 8 9 53 74 130 179 216 124 60 168 183 94 110 116 199 155 182 245 92 34 22 63 97 248 187 79 117 10 30 3 51 50 42 12 32 111 120 164 77 52 178 162 153 59 91 235 208 88 109 87 129 161 143 220 234 198 201 190 197 210 209 158 132 99 121 75 31 43 54 95 64 102 47 40 20 71 56 152 244 239 192 213 140 81 103 212 149 69 93 127 58 45 21 18 65 44 61 82 151 156 174 185 148 236 144 191 166 218 251 249 223 230 224 175 227 189 219 205 242 119 33 68 48 38 39 17 29 125 194 176 165 243 247 225 118 136 134 72 41 163 215 203 104 137 78 27 14 28 145 70 15 83 123 160 146 169 193 232 100 221 214 238 128 172 180 135 106 126 57 26 7 13 112 196 76 46 84 85 36 16 101 167 233 222 147 173 184 206 231 24 19 5 4 35 114 157 96 138 150 131 240 226 66 37 49 108 89 229 241 200 139 90 55 105 113 159 107 11 23 86 98 133 142 188 202 246 250 237 207 154 67 73 170 204 177 171 62 186 211 195 217 181 228 122 141 115 80 25 6 2 

./instances/d15112_251.tsp 	 City_Num: 251 	 Best_known: 480014 	 Best_Found: 474251 	 Avg_Found: 480560.9 	 Gap: -5763
1 21 140 35 170 9 112 81 96 110 107 162 138 101 214 55 180 113 119 10 139 178 157 156 169 71 216 231 218 194 88 203 89 191 47 6 227 53 57 64 177 226 26 4 188 186 126 27 153 150 144 85 225 70 79 149 187 155 50 120 51 14 151 7 217 249 75 44 68 78 199 192 207 213 66 202 198 210 208 215 67 196 205 195 163 223 246 204 212 87 52 95 86 193 77 29 173 60 200 131 45 72 61 190 250 201 31 176 142 46 230 76 245 118 242 122 124 30 147 251 90 197 206 11 237 130 117 189 73 148 143 233 185 42 184 58 146 183 239 181 158 182 219 13 32 103 16 40 114 20 100 159 164 165 104 80 224 48 63 134 240 137 8 37 129 179 232 228 248 116 54 243 234 15 33 65 145 209 247 91 93 49 69 121 94 152 92 28 5 23 34 22 235 171 160 172 59 211 175 83 241 12 41 39 221 24 141 109 56 25 168 135 132 106 102 3 38 82 125 105 18 222 36 97 166 136 111 99 115 161 84 238 74 236 17 123 98 220 19 43 244 2 133 174 108 154 229 127 128 62 167 

./instances/d18512_251.tsp 	 City_Num: 251 	 Best_known: 20096 	 Best_Found: 19997 	 Avg_Found: 20169.3 	 Gap: -99
1 183 168 248 92 63 30 146 116 167 222 233 7 46 76 214 84 172 126 57 85 106 232 193 184 160 94 97 42 12 15 22 77 53 114 62 138 195 52 35 14 4 5 9 131 171 235 208 177 137 87 240 170 82 65 43 152 244 234 242 247 225 174 134 102 133 209 127 69 125 246 249 237 200 71 23 29 40 47 89 149 93 144 175 139 72 99 20 21 38 68 31 48 55 64 45 58 176 229 230 241 218 165 98 151 190 219 227 158 121 17 49 86 108 166 250 236 163 226 159 104 66 129 157 91 78 27 19 28 74 115 70 32 181 122 83 120 80 111 50 6 3 25 51 141 231 228 245 124 117 155 123 79 187 173 169 221 135 128 26 16 36 13 112 196 238 180 147 100 101 110 206 199 182 60 10 2 34 145 217 216 179 130 59 109 113 203 205 201 140 189 103 41 37 156 243 224 210 251 212 207 191 132 90 95 33 107 192 198 213 136 61 44 56 54 67 118 148 75 39 18 11 154 142 202 188 194 223 197 185 81 73 119 105 143 220 239 215 161 204 88 150 96 186 153 162 178 211 164 8 24 

./instances/fnl4461_251.tsp 	 City_Num: 251 	 Best_known: 24965 	 Best_Found: 24849 	 Avg_Found: 25066.7 	 Gap: -116
1 4 118 150 171 146 128 98 121 156 170 202 222 234 180 177 136 105 58 61 47 41 34 7 14 12 5 111 104 108 120 153 155 166 220 188 116 89 76 44 71 106 119 141 107 129 147 132 124 187 203 232 233 235 250 219 251 143 114 144 194 192 216 248 228 240 247 214 175 137 135 46 62 33 24 36 63 77 81 53 122 163 164 221 241 223 182 159 167 190 227 229 142 189 183 237 210 134 158 172 249 244 196 205 165 224 149 161 154 218 236 225 186 160 127 93 42 21 18 22 15 39 52 86 109 117 173 139 169 206 195 148 92 49 27 30 3 11 17 29 26 48 60 59 57 130 157 84 80 75 35 23 13 25 38 37 50 72 99 68 85 123 126 88 151 174 191 211 246 245 110 96 73 69 67 78 100 125 115 200 238 243 162 176 209 179 168 185 113 90 74 64 97 101 82 66 43 133 181 198 208 201 184 215 178 140 138 145 91 45 28 56 55 131 197 193 230 231 239 212 199 87 54 20 8 6 2 19 31 65 70 51 40 9 32 102 152 207 217 242 213 204 226 94 103 83 112 95 79 16 10 

./instances/nrw1379_251.tsp 	 City_Num: 251 	 Best_known: 22312 	 Best_Found: 22189 	 Avg_Found: 22368.5 	 Gap: -123
1 8 17 22 16 128 206 224 182 249 246 183 177 212 187 139 205 209 240 210 188 167 160 112 84 104 225 251 244 176 147 141 166 164 159 165 191 175 145 153 247 214 193 192 55 23 10 3 2 25 6 28 80 115 89 67 100 172 234 211 194 201 230 135 122 54 78 37 35 50 73 111 75 93 148 132 144 241 229 222 171 162 184 243 213 198 43 21 9 88 97 152 179 237 221 102 105 110 53 44 69 91 66 85 133 65 95 103 151 190 227 231 155 117 168 121 56 15 62 48 47 20 130 156 149 228 248 216 170 131 146 124 70 46 38 36 79 61 64 42 18 11 13 26 51 83 77 59 49 143 173 138 96 233 250 189 150 157 204 185 239 186 119 68 81 109 217 200 196 218 238 169 242 215 134 41 29 99 120 158 163 178 219 220 140 34 58 113 116 154 207 232 174 123 72 7 12 27 108 181 202 236 199 94 71 57 76 82 90 92 106 137 180 195 161 127 60 87 101 107 98 32 129 125 118 142 52 19 31 30 45 114 126 197 223 245 226 203 235 208 136 86 63 4 5 33 74 40 14 24 39 

./instances/pr1002_251.tsp 	 City_Num: 251 	 Best_known: 164326 	 Best_Found: 164195 	 Avg_Found: 165845.8 	 Gap: -131
1 75 93 136 99 109 110 111 46 52 53 60 66 62 24 34 51 40 38 50 58 13 14 11 69 72 71 74 76 134 135 137 100 113 108 98 89 88 86 87 107 125 119 115 117 105 245 225 224 220 219 233 187 193 236 243 244 250 249 251 156 162 158 185 157 195 194 239 238 237 217 213 214 221 227 248 247 246 242 190 197 204 206 209 200 198 196 182 180 171 159 160 166 169 141 139 138 132 97 114 116 102 101 129 128 143 146 133 92 82 91 77 85 84 83 47 49 61 33 32 65 59 64 63 26 20 25 15 8 7 67 57 12 16 23 28 31 22 21 19 18 17 10 9 6 3 2 73 56 55 54 81 80 94 95 130 131 145 140 142 147 148 152 150 154 167 186 241 240 188 192 189 234 231 228 223 222 218 191 207 205 203 202 172 173 181 183 184 161 163 165 151 122 123 118 112 103 104 127 120 121 229 226 230 232 235 215 216 212 211 210 208 199 201 179 175 176 177 178 174 170 168 155 164 153 144 149 126 124 106 96 90 78 79 48 45 37 29 27 30 39 42 44 41 43 36 35 68 70 4 5 
