
./instances/brd14051_51.tsp 	 City_Num: 51 	 Best_known: 7447 	 Best_Found: 7447 	 Avg_Found: 7447.0 	 Gap: 0
1 3 34 12 32 8 19 31 11 29 47 40 45 37 41 21 23 17 42 50 25 30 46 13 36 7 26 16 10 6 15 22 24 5 27 33 18 20 38 43 49 39 48 44 9 4 35 14 28 51 2 

./instances/d15112_51.tsp 	 City_Num: 51 	 Best_known: 137611 	 Best_Found: 137611 	 Avg_Found: 137611.0 	 Gap: 0
1 21 17 18 37 8 9 35 38 4 33 15 14 47 30 45 28 31 49 29 5 23 34 46 44 22 6 7 11 51 50 12 16 32 3 36 48 40 2 26 42 10 27 19 43 13 24 41 39 25 20 

./instances/d18512_51.tsp 	 City_Num: 51 	 Best_known: 7197 	 Best_Found: 7197 	 Avg_Found: 7197.0 	 Gap: 0
1 22 6 25 2 7 13 36 26 10 12 15 19 14 5 9 33 31 48 20 40 47 23 37 49 18 11 41 21 17 29 45 38 43 39 44 27 4 35 28 42 51 3 16 46 30 34 8 24 32 50 

./instances/fnl4461_51.tsp 	 City_Num: 51 	 Best_known: 4125 	 Best_Found: 4125 	 Avg_Found: 4125.0 	 Gap: 0
1 4 35 34 38 37 16 5 10 23 47 36 24 42 40 20 8 11 27 28 3 2 48 33 18 32 44 26 17 31 39 43 30 49 45 51 19 6 15 29 46 22 9 21 41 14 50 25 13 7 12 

./instances/nrw1379_51.tsp 	 City_Num: 51 	 Best_known: 5194 	 Best_Found: 5194 	 Avg_Found: 5194.0 	 Gap: 0
1 14 17 24 33 49 50 43 51 35 42 18 8 39 19 38 34 29 12 15 20 48 41 47 27 7 44 36 23 2 46 45 28 13 21 37 40 32 5 4 9 26 16 22 6 3 10 31 30 25 11 

./instances/pr1002_51.tsp 	 City_Num: 51 	 Best_known: 29001 	 Best_Found: 29001 	 Avg_Found: 29001.0 	 Gap: 0
1 6 7 8 9 12 11 10 18 24 33 43 44 46 48 49 51 40 38 35 26 32 30 29 28 27 20 19 21 23 22 25 34 39 45 47 42 41 50 37 36 31 16 17 13 15 14 4 3 5 2 
