
./instances/brd14051_75.tsp 	 City_Num: 75 	 Best_known: 6773 	 Best_Found: 6773 	 Avg_Found: 6773.0 	 Gap: 0
1 22 8 34 10 3 2 24 53 74 70 50 25 26 16 7 36 13 46 57 30 60 63 51 42 32 15 12 19 5 9 27 62 44 55 38 71 64 45 47 69 58 72 49 67 56 17 23 41 21 39 31 61 73 66 65 43 18 11 37 40 29 20 75 54 48 68 33 59 4 35 14 28 52 6 

./instances/d15112_75.tsp 	 City_Num: 75 	 Best_known: 192459 	 Best_Found: 192459 	 Avg_Found: 192459.0 	 Gap: 0
1 16 35 32 17 43 4 42 10 27 21 55 38 74 73 71 30 66 67 31 45 6 14 54 51 11 7 47 22 46 15 59 50 18 62 13 3 36 9 48 63 24 56 40 12 8 37 33 53 65 72 28 69 52 49 44 34 68 75 57 60 61 5 29 23 70 64 2 58 26 19 20 39 41 25 

./instances/d18512_75.tsp 	 City_Num: 75 	 Best_known: 8274 	 Best_Found: 8274 	 Avg_Found: 8274.3 	 Gap: 0
1 25 63 60 50 3 2 32 70 53 19 14 5 4 9 27 68 43 31 18 38 75 17 21 11 44 65 55 71 49 72 58 69 29 64 41 20 37 40 45 39 54 74 51 10 30 16 26 57 46 13 36 7 6 12 15 8 52 35 73 33 56 67 47 23 48 61 66 59 62 28 24 22 42 34 

./instances/fnl4461_75.tsp 	 City_Num: 75 	 Best_known: 5640 	 Best_Found: 5640 	 Avg_Found: 5640.0 	 Gap: 0
1 4 5 13 10 34 35 41 14 7 23 50 68 72 47 63 36 59 69 57 42 60 44 33 9 20 17 11 27 64 56 65 54 29 31 43 66 49 55 30 28 52 15 8 6 26 40 24 21 18 22 32 71 62 67 39 2 3 19 45 74 51 70 48 46 73 75 53 61 12 58 37 16 25 38 

./instances/nrw1379_75.tsp 	 City_Num: 75 	 Best_known: 6716 	 Best_Found: 6716 	 Avg_Found: 6716.0 	 Gap: 0
1 67 68 52 55 44 66 70 30 46 45 39 18 54 49 50 75 73 59 35 51 21 33 26 9 4 24 25 19 38 23 65 41 62 27 29 7 15 58 34 20 12 48 47 72 71 57 56 60 53 69 36 10 31 28 63 43 37 74 64 61 11 8 17 32 40 42 13 5 22 16 14 6 2 3 

./instances/pr1002_75.tsp 	 City_Num: 75 	 Best_known: 43613 	 Best_Found: 43613 	 Avg_Found: 43772.9 	 Gap: 0
1 6 4 5 9 10 13 17 27 28 29 26 25 35 39 53 52 50 41 42 44 46 40 71 72 75 74 54 55 67 68 69 73 56 57 49 48 47 45 43 12 11 14 15 20 19 31 32 34 61 60 51 58 65 64 62 33 36 30 24 23 22 21 18 16 63 37 38 59 66 70 7 8 3 2 
